ring2	ring1	delay	angle1	angle2	type	RT	ts_r	fixated	choiceAngle	ts_p	choiceR	ts_b	MT	ts_f	ts_d	ts_e	choice_x	choice_y
11.40	9.70	3.00	322.00	322.00	3.00	0.00	1444038548.01	1.00	1.87	1444038543.91	0.03	1444038533.50	2.53	1444038542.90	1444038544.95	1444038550.54	0.17	0.27
11.40	9.70	0.00	138.00	138.00	3.00	0.00	1444038555.03	1.00	-2.94	1444038553.96	-1.10	1444038550.56	2.80	1444038552.94	1444038554.99	1444038557.83	-0.53	1.07
8.00	8.00	0.00	148.00	160.00	2.00	0.00	1444038561.52	1.00	4.34	1444038560.46	-1.67	1444038557.84	1.97	1444038559.44	1444038561.49	1444038563.49	-1.69	0.49
11.40	9.70	0.00	41.00	41.00	3.00	0.00	1444038567.31	1.00	2.15	1444038566.24	-1.57	1444038563.50	1.91	1444038565.22	1444038567.24	1444038569.22	0.99	1.27
11.40	9.70	0.00	213.00	213.00	3.00	0.00	1444038573.72	1.00	-3.67	1444038572.67	-1.12	1444038569.24	2.17	1444038571.65	1444038573.67	1444038575.89	-1.25	-0.16
-1.00	8.00	0.00	228.00	-1.00	0.00	0.00	1444038579.38	1.00	-0.88	1444038578.35	-1.27	1444038575.90	1.87	1444038577.34	1444038579.35	1444038581.25	-0.93	-0.88
9.70	11.40	0.00	137.00	137.00	4.00	0.00	1444038585.18	1.00	-2.58	1444038584.12	-1.55	1444038581.26	2.22	1444038583.10	1444038585.15	1444038587.40	-0.84	1.39
8.00	8.00	3.00	45.00	61.00	2.00	0.00	1444038594.50	1.00	6.41	1444038590.43	-0.95	1444038587.41	2.35	1444038589.41	1444038591.46	1444038596.85	0.15	1.26
8.00	9.70	0.00	141.00	141.00	4.00	0.00	1444038601.03	1.00	-2.65	1444038599.96	-1.30	1444038596.86	2.53	1444038598.94	1444038600.99	1444038603.56	-0.77	1.12
11.40	8.00	0.00	48.00	48.00	3.00	0.00	1444038607.36	1.00	-1.13	1444038606.29	-1.96	1444038603.57	1.88	1444038605.28	1444038607.32	1444038609.24	1.40	1.37
9.70	8.00	0.00	213.00	213.00	3.00	0.00	1444038613.29	1.00	-1.76	1444038612.22	-1.47	1444038609.25	1.63	1444038611.19	1444038613.26	1444038614.92	-1.35	-0.64
11.40	11.40	0.00	46.00	30.00	1.00	0.00	1444038618.66	1.00	0.05	1444038617.62	-2.68	1444038614.95	2.28	1444038616.61	1444038618.62	1444038620.94	1.85	1.93
11.40	9.70	3.00	121.00	121.00	3.00	0.00	1444038628.08	1.00	-6.58	1444038623.99	-2.16	1444038620.95	1.72	1444038622.97	1444038625.02	1444038629.80	-0.40	2.34
11.40	11.40	3.00	49.00	65.00	2.00	0.00	1444038636.18	1.00	11.22	1444038632.08	-1.84	1444038629.81	2.17	1444038631.07	1444038633.12	1444038638.35	-0.08	2.74
8.00	8.00	0.00	56.00	64.00	2.00	0.00	1444038643.10	1.00	10.59	1444038642.03	-2.16	1444038638.36	2.57	1444038641.01	1444038643.07	1444038645.66	0.37	2.47
9.70	8.00	3.00	228.00	228.00	3.00	0.00	1444038652.91	1.00	-5.13	1444038648.84	-1.41	1444038645.68	2.83	1444038647.83	1444038649.85	1444038655.74	-1.40	-0.67
8.00	8.00	3.00	317.00	309.00	1.00	0.00	1444038662.49	1.00	10.08	1444038658.39	-1.81	1444038655.75	2.48	1444038657.38	1444038659.42	1444038664.97	2.13	-0.50
-1.00	8.00	3.00	301.00	-1.00	0.00	0.00	1444038671.74	1.00	-4.98	1444038667.64	0.73	1444038664.99	2.08	1444038666.62	1444038668.67	1444038673.82	-1.01	0.20
8.00	8.00	0.00	59.00	71.00	2.00	0.00	1444038677.50	1.00	11.29	1444038676.43	-1.86	1444038673.83	2.43	1444038675.42	1444038677.47	1444038679.93	-0.01	2.32
8.00	8.00	0.00	221.00	237.00	2.00	0.00	1444038683.97	1.00	-1.62	1444038682.88	-1.51	1444038679.95	2.50	1444038681.87	1444038683.92	1444038686.47	-1.26	-0.85
11.40	11.40	0.00	313.00	297.00	1.00	0.00	1444038689.71	1.00	3.07	1444038688.63	-1.31	1444038686.48	2.08	1444038687.62	1444038689.66	1444038691.80	1.30	-0.60
-1.00	11.40	0.00	139.00	-1.00	0.00	0.00	1444038695.40	1.00	-1.68	1444038694.33	-2.20	1444038691.81	2.13	1444038693.33	1444038695.36	1444038697.53	-1.48	1.65
-1.00	9.70	0.00	146.00	-1.00	0.00	0.00	1444038701.24	1.00	-4.36	1444038700.18	-1.64	1444038697.54	1.62	1444038699.16	1444038701.21	1444038702.86	-1.04	1.44
-1.00	11.40	0.00	54.00	-1.00	0.00	0.00	1444038706.38	1.00	2.93	1444038705.33	-1.80	1444038702.87	1.80	1444038704.31	1444038706.33	1444038708.18	0.67	1.75
8.00	9.70	0.00	48.00	48.00	4.00	0.00	1444038711.86	1.00	1.11	1444038710.79	-1.51	1444038708.19	1.92	1444038709.78	1444038711.82	1444038713.77	0.89	1.23
-1.00	11.40	3.00	148.00	-1.00	0.00	0.00	1444038720.42	1.00	4.84	1444038716.32	-0.89	1444038713.79	2.12	1444038715.31	1444038717.35	1444038722.54	-1.26	-0.26
11.40	11.40	3.00	317.00	325.00	2.00	0.00	1444038729.22	1.00	2.00	1444038725.12	-0.63	1444038722.55	3.46	1444038724.10	1444038726.15	1444038732.68	0.72	-0.16
9.70	11.40	3.00	122.00	122.00	4.00	0.00	1444038739.88	1.00	-8.02	1444038735.81	-1.38	1444038732.70	2.41	1444038734.80	1444038736.81	1444038742.30	0.40	1.99
8.00	8.00	0.00	128.00	136.00	2.00	0.00	1444038746.30	1.00	7.67	1444038745.26	-1.62	1444038742.31	2.01	1444038744.25	1444038746.26	1444038748.31	-1.70	0.80
11.40	11.40	0.00	46.00	38.00	1.00	nan	nan	0.00	nan	nan	nan	nan	nan	nan	nan	nan	nan	nan
-1.00	11.40	3.00	318.00	-1.00	0.00	0.00	1444038759.51	1.00	1.38	1444038755.41	-1.16	1444038753.51	2.16	1444038754.39	1444038756.44	1444038761.67	1.03	-0.60
11.40	11.40	0.00	46.00	38.00	1.00	0.00	1444038765.70	1.00	8.50	1444038764.64	-2.35	1444038761.69	1.93	1444038763.62	1444038765.67	1444038767.64	0.74	2.69
11.40	8.00	3.00	311.00	311.00	3.00	0.00	1444038774.82	1.00	-4.67	1444038770.72	-0.87	1444038767.65	3.05	1444038769.70	1444038771.75	1444038777.87	0.15	-1.06
8.00	8.00	3.00	228.00	216.00	1.00	0.00	1444038784.72	1.00	-15.66	1444038780.62	-1.20	1444038777.88	2.48	1444038779.60	1444038781.65	1444038787.20	-2.34	0.15
11.40	8.00	0.00	148.00	148.00	3.00	0.00	1444038791.06	1.00	-2.03	1444038789.98	-1.61	1444038787.21	2.50	1444038788.95	1444038791.02	1444038793.56	-1.25	1.05
-1.00	8.00	0.00	48.00	-1.00	0.00	0.00	1444038797.28	1.00	1.98	1444038796.25	-1.00	1444038793.58	1.87	1444038795.23	1444038797.25	1444038799.14	0.49	0.91
8.00	9.70	0.00	216.00	216.00	4.00	0.00	1444038802.53	1.00	-6.46	1444038801.49	-0.80	1444038799.17	3.18	1444038800.48	1444038802.49	1444038805.71	-1.28	0.30
8.00	8.00	3.00	323.00	339.00	2.00	0.00	1444038811.91	1.00	9.57	1444038807.81	-0.46	1444038805.72	2.71	1444038806.79	1444038808.84	1444038814.62	1.20	0.66
11.40	11.40	3.00	304.00	292.00	1.00	0.00	1444038821.67	1.00	0.43	1444038817.60	-0.22	1444038814.64	2.52	1444038816.59	1444038818.60	1444038824.19	0.19	-0.13
9.70	11.40	0.00	228.00	228.00	4.00	0.00	1444038827.72	1.00	-6.80	1444038826.65	-0.57	1444038824.20	3.28	1444038825.64	1444038827.68	1444038831.01	-1.39	0.38
9.70	8.00	0.00	300.00	300.00	3.00	0.00	1444038834.72	1.00	-4.27	1444038833.66	0.01	1444038831.02	2.54	1444038832.63	1444038834.68	1444038837.27	-0.51	-0.31
