DELAY	TYPE	R1	T1	R2	T2	R3	T3
0	6	9	225	8	225	9	34
3	5	8	302	9	302	8	141
0	3	8	212	8	232	8	43
3	2	9.1	54	8.2	94	9.3	353
0	2	9.6	114	9.4	358	8.2	225
0	0	10	242	8	89	10	89
3	3	10	319	10	339	10	134
3	6	9	215	8	215	10	58
0	2	9.3	25	8.7	155	8.8	243
0	0	9	285	10	139	9	139
3	2	8.4	359	8.6	50	8.1	120
0	3	10	326	10	346	10	121
3	3	8	214	8	234	10	53
3	5	9	321	10	321	8	137
3	4	8	300	8	290	10	126
0	2	9.3	246	9.5	348	8.1	88
3	2	9.2	15	8.6	178	8.3	346
3	6	10	139	9	139	10	319
3	6	10	45	8	45	9	227
3	1	9	187	8	20	8	30
3	4	10	228	10	218	8	41
3	2	9.5	150	8.8	15	8.5	260
0	6	10	133	8	133	10	301
0	5	9	316	10	316	9	124
0	4	8	43	8	23	10	236
3	5	9	31	10	31	9	234
0	5	8	239	10	239	8	44
3	4	10	121	10	101	9	318
3	1	8	158	10	350	10	340
3	0	9	242	8	26	9	26
3	1	8	46	8	228	8	248
3	2	8.6	233	9.5	327	9.7	126
0	4	10	135	10	115	10	303
3	2	9.1	213	8.7	10	9.6	325
3	1	9	326	10	178	10	158
0	6	10	137	9	137	9	329
0	3	8	130	8	140	8	324
0	2	9.3	209	9.3	173	9.6	326
0	2	9.6	62	9.7	356	8.7	167
3	0	9	173	10	301	9	301
3	3	8	127	8	137	8	302
0	6	10	58	8	58	9	232
0	1	9	326	8	162	8	172
0	4	8	326	8	316	8	133
3	4	8	37	8	17	8	235
0	2	9.1	315	8.4	187	9.7	63
0	4	10	210	10	200	10	30
3	0	8	128	9	271	10	271
0	2	8.2	112	9.3	72	8.6	350
3	2	9.4	177	9.5	49	8.6	331
0	2	9.5	177	9.4	13	9.6	296
0	2	8.7	290	8.7	54	9.6	177
3	2	8.4	165	8.1	313	8.5	34
3	2	8.7	289	8.1	242	8.6	151
0	5	8	302	9	302	9	127
0	1	9	56	10	267	10	257
0	0	8	350	9	91	10	91
3	0	8	72	8	245	10	245
0	2	8.1	358	9.4	236	9.8	101
0	1	9	185	8	75	8	95
0	3	10	37	10	47	8	214
3	6	10	127	8	127	8	305
3	2	8.4	72	8.5	318	9.2	248
0	1	10	175	10	339	10	319
0	2	9.7	18	9.6	95	9.5	277
0	5	9	49	10	49	10	211
3	2	9.3	351	9.1	121	9.4	214
3	3	10	53	10	63	10	217
3	2	9.1	184	8.1	336	9.4	0
0	2	9.1	215	9.1	148	9.7	31
0	0	10	156	8	320	9	320
3	5	8	220	10	220	8	40
