ring2	ring1	delay	angle1	angle2	type	RT	ts_r	fixated	choiceAngle	ts_p	choiceR	ts_b	MT	ts_f	ts_d	ts_e	choice_x	choice_y
9.70	11.40	0.00	308.00	308.00	4.00	0.00	1444036993.46	1.00	0.90	1444036992.40	0.35	1444036981.10	2.98	1444036991.38	1444036993.43	1444036996.45	-0.07	0.39
8.00	9.70	3.00	218.00	218.00	4.00	0.00	1444037004.39	1.00	-12.22	1444037000.33	0.10	1444036996.46	3.05	1444036999.31	1444037001.33	1444037007.44	-1.37	1.56
8.00	11.40	0.00	46.00	46.00	4.00	0.00	1444037011.91	1.00	5.99	1444037010.84	-0.69	1444037007.46	3.17	1444037009.81	1444037011.87	1444037015.07	-0.28	1.32
-1.00	9.70	0.00	224.00	-1.00	0.00	0.00	1444037019.99	1.00	-6.38	1444037018.92	-0.65	1444037015.09	3.45	1444037017.89	1444037019.95	1444037023.44	-1.21	0.23
11.40	11.40	3.00	40.00	32.00	1.00	0.00	1444037030.75	1.00	7.73	1444037026.65	-2.56	1444037023.45	3.28	1444037025.64	1444037027.69	1444037034.03	1.26	2.61
-1.00	9.70	3.00	40.00	-1.00	0.00	0.00	1444037041.23	1.00	5.57	1444037037.12	-0.32	1444037034.05	3.39	1444037036.10	1444037038.15	1444037044.62	-0.30	0.93
11.40	11.40	0.00	125.00	109.00	1.00	0.00	1444037049.03	1.00	-4.08	1444037047.96	-1.36	1444037044.63	3.93	1444037046.95	1444037048.99	1444037052.96	-0.21	1.55
8.00	8.00	3.00	55.00	67.00	2.00	0.00	1444037059.79	1.00	11.08	1444037055.69	0.79	1444037052.97	2.55	1444037054.68	1444037056.73	1444037062.34	-1.74	0.46
9.70	8.00	0.00	52.00	52.00	3.00	0.00	1444037067.57	1.00	6.24	1444037066.49	-0.23	1444037062.35	2.87	1444037065.47	1444037067.52	1444037070.44	-0.49	0.74
11.40	11.40	3.00	234.00	226.00	1.00	0.00	1444037078.65	1.00	-2.01	1444037074.59	-0.45	1444037070.45	3.68	1444037073.57	1444037075.62	1444037082.33	-0.58	-0.14
11.40	9.70	3.00	230.00	230.00	3.00	0.00	1444037089.35	1.00	-9.71	1444037085.25	-0.23	1444037082.35	3.10	1444037084.23	1444037086.28	1444037092.45	-1.46	0.74
11.40	11.40	3.00	324.00	340.00	2.00	0.00	1444037099.13	1.00	23.17	1444037095.06	-0.48	1444037092.46	3.98	1444037094.05	1444037096.06	1444037103.11	3.63	2.67
-1.00	11.40	0.00	310.00	-1.00	0.00	0.00	1444037106.86	1.00	1.76	1444037105.79	-0.14	1444037103.12	2.65	1444037104.78	1444037106.83	1444037109.51	0.36	0.11
9.70	8.00	3.00	30.00	30.00	3.00	0.00	1444037117.06	1.00	18.73	1444037112.96	-0.05	1444037109.52	2.42	1444037111.94	1444037113.99	1444037119.47	-0.86	2.45
11.40	8.00	3.00	236.00	236.00	3.00	0.00	1444037127.14	1.00	-10.97	1444037123.02	-1.63	1444037119.48	2.97	1444037122.00	1444037124.05	1444037130.10	-1.98	-0.77
-1.00	8.00	3.00	225.00	-1.00	0.00	0.00	1444037136.80	1.00	-14.04	1444037132.73	-1.34	1444037130.12	2.52	1444037131.72	1444037133.73	1444037139.31	-2.23	0.06
8.00	11.40	3.00	232.00	232.00	4.00	0.00	1444037146.78	1.00	-5.82	1444037142.71	-1.22	1444037139.33	3.35	1444037141.68	1444037143.71	1444037150.13	-1.60	-0.37
11.40	11.40	0.00	228.00	240.00	2.00	0.00	1444037154.04	1.00	1.30	1444037153.01	-0.93	1444037150.15	2.75	1444037151.99	1444037154.01	1444037156.79	-0.45	-0.85
11.40	11.40	3.00	234.00	246.00	2.00	0.00	1444037163.87	1.00	3.28	1444037159.77	-0.80	1444037156.81	2.90	1444037158.76	1444037160.81	1444037166.77	0.01	-1.02
11.40	11.40	0.00	300.00	308.00	2.00	0.00	1444037170.96	1.00	8.73	1444037169.92	-0.18	1444037166.79	3.16	1444037168.91	1444037170.92	1444037174.12	1.63	0.59
-1.00	9.70	3.00	148.00	-1.00	0.00	0.00	1444037181.38	1.00	2.62	1444037177.29	-1.19	1444037174.13	2.73	1444037176.27	1444037178.32	1444037184.12	-1.22	0.31
9.70	11.40	3.00	229.00	229.00	4.00	0.00	1444037190.90	1.00	4.23	1444037186.80	-1.21	1444037184.13	3.03	1444037185.78	1444037187.83	1444037193.93	-0.24	-1.43
11.40	8.00	0.00	312.00	312.00	3.00	0.00	1444037197.83	1.00	2.73	1444037196.75	-0.73	1444037193.95	2.77	1444037195.73	1444037197.78	1444037200.59	0.75	-0.32
8.00	8.00	3.00	307.00	295.00	1.00	0.00	1444037207.28	1.00	-5.19	1444037203.18	0.03	1444037200.61	3.15	1444037202.14	1444037204.21	1444037210.42	-0.58	-0.44
-1.00	9.70	3.00	325.00	-1.00	0.00	0.00	1444037217.12	1.00	-1.05	1444037213.03	-0.62	1444037210.44	2.30	1444037212.01	1444037214.06	1444037219.42	0.42	-0.50
-1.00	9.70	0.00	324.00	-1.00	0.00	0.00	1444037223.25	1.00	-1.09	1444037222.19	-1.66	1444037219.44	2.10	1444037221.17	1444037223.22	1444037225.35	1.26	-1.10
9.70	8.00	3.00	136.00	136.00	3.00	0.00	1444037232.22	1.00	-5.30	1444037228.15	-1.39	1444037225.37	2.30	1444037227.14	1444037229.15	1444037234.52	-0.60	1.43
-1.00	9.70	0.00	45.00	-1.00	0.00	0.00	1444037238.05	1.00	5.19	1444037236.96	-2.38	1444037234.53	3.65	1444037235.93	1444037238.00	1444037241.70	1.23	2.17
8.00	11.40	3.00	139.00	139.00	4.00	0.00	1444037250.43	1.00	1.19	1444037246.31	0.42	1444037241.71	2.87	1444037245.30	1444037247.35	1444037253.30	0.16	-0.46
11.40	11.40	0.00	228.00	236.00	2.00	0.00	1444037257.24	1.00	1.98	1444037256.20	-0.94	1444037253.31	3.50	1444037255.18	1444037257.21	1444037260.74	-0.36	-0.94
8.00	9.70	3.00	34.00	34.00	4.00	0.00	1444037267.59	1.00	0.46	1444037263.51	-0.10	1444037260.76	2.95	1444037262.47	1444037264.55	1444037270.54	0.04	0.12
9.70	8.00	0.00	132.00	132.00	3.00	0.00	1444037274.73	1.00	-5.36	1444037273.67	-0.95	1444037270.56	2.78	1444037272.66	1444037274.67	1444037277.51	-0.17	1.17
-1.00	9.70	3.00	210.00	-1.00	0.00	0.00	1444037284.22	1.00	-6.23	1444037280.15	-1.82	1444037277.53	2.20	1444037279.15	1444037281.16	1444037286.42	-2.04	-0.19
11.40	11.40	3.00	149.00	157.00	2.00	0.00	1444037293.18	1.00	-4.26	1444037289.09	-2.61	1444037286.43	2.83	1444037288.05	1444037290.12	1444037296.01	-1.92	1.92
8.00	8.00	0.00	125.00	109.00	1.00	0.00	1444037300.30	1.00	-6.23	1444037299.25	-0.44	1444037296.03	2.24	1444037298.21	1444037300.25	1444037302.55	0.39	0.87
8.00	8.00	0.00	328.00	340.00	2.00	0.00	1444037306.54	1.00	5.54	1444037305.51	-1.46	1444037302.56	2.52	1444037304.50	1444037306.51	1444037309.06	1.60	-0.25
9.70	11.40	0.00	56.00	56.00	4.00	0.00	1444037312.41	1.00	7.87	1444037311.38	-1.92	1444037309.08	3.20	1444037310.35	1444037312.38	1444037315.61	0.05	2.39
8.00	8.00	3.00	139.00	123.00	1.00	0.00	1444037322.65	1.00	2.43	1444037318.55	-0.46	1444037315.62	2.49	1444037317.51	1444037319.58	1444037325.14	-0.56	0.06
11.40	8.00	0.00	217.00	217.00	3.00	0.00	1444037328.47	1.00	1.40	1444037327.40	-1.41	1444037325.16	3.38	1444037326.39	1444037328.44	1444037331.85	-1.03	-0.98
8.00	8.00	3.00	221.00	237.00	2.00	nan	nan	0.00	nan	nan	nan	nan	nan	nan	nan	nan	nan	nan
