ring2	ring1	delay	angle1	angle2	type	RT	ts_r	fixated	choiceAngle	ts_p	choiceR	ts_b	MT	ts_f	ts_d	ts_e	choice_x	choice_y
8.00	8.00	0.00	218.00	206.00	1.00	0.00	1444037747.81	1.00	-6.44	1444037746.75	-1.60	1444037729.85	2.62	1444037745.73	1444037747.78	1444037750.43	-1.73	-0.44
9.70	11.40	3.00	321.00	321.00	4.00	0.00	1444037757.27	1.00	10.08	1444037753.18	0.54	1444037750.44	3.15	1444037752.16	1444037754.21	1444037760.42	1.04	1.85
8.00	11.40	0.00	144.00	144.00	4.00	0.00	1444037764.87	1.00	2.77	1444037763.81	-1.86	1444037760.44	3.02	1444037762.79	1444037764.84	1444037767.89	-1.78	0.72
8.00	8.00	3.00	122.00	134.00	2.00	0.00	1444037774.80	1.00	-4.56	1444037770.70	-1.51	1444037767.90	2.85	1444037769.69	1444037771.74	1444037777.65	-0.37	1.57
11.40	11.40	0.00	52.00	64.00	2.00	0.00	1444037782.25	1.00	5.81	1444037781.22	-2.39	1444037777.67	3.08	1444037780.18	1444037782.22	1444037785.33	0.78	2.48
9.70	11.40	3.00	54.00	54.00	4.00	0.00	1444037792.98	1.00	11.05	1444037788.91	0.17	1444037785.35	2.68	1444037787.88	1444037789.91	1444037795.66	-1.77	1.34
-1.00	11.40	0.00	231.00	-1.00	0.00	0.00	1444037799.99	1.00	-11.16	1444037798.93	-1.36	1444037795.68	2.58	1444037797.91	1444037799.96	1444037802.58	-2.49	0.02
11.40	11.40	0.00	148.00	156.00	2.00	0.00	1444037806.91	1.00	1.45	1444037805.88	-3.53	1444037802.59	2.92	1444037804.86	1444037806.88	1444037809.83	-3.11	1.71
8.00	8.00	0.00	327.00	319.00	1.00	0.00	1444037813.61	1.00	3.51	1444037812.57	-1.55	1444037809.84	2.35	1444037811.56	1444037813.58	1444037815.96	1.52	-0.52
-1.00	8.00	0.00	141.00	-1.00	0.00	0.00	1444037819.87	1.00	-1.59	1444037818.84	-1.10	1444037815.97	2.18	1444037817.82	1444037819.84	1444037822.05	-0.74	0.85
8.00	8.00	3.00	50.00	42.00	1.00	0.00	1444037828.65	1.00	3.18	1444037824.55	-0.17	1444037822.07	2.05	1444037823.54	1444037825.59	1444037830.70	-0.22	0.42
11.40	11.40	3.00	230.00	246.00	2.00	0.00	1444037838.16	1.00	-3.35	1444037834.07	-0.85	1444037830.71	2.62	1444037833.05	1444037835.10	1444037840.78	-1.03	-0.27
8.00	8.00	0.00	315.00	299.00	1.00	0.00	1444037845.23	1.00	-0.87	1444037844.16	0.16	1444037840.79	2.08	1444037843.15	1444037845.20	1444037847.31	-0.20	0.03
-1.00	8.00	3.00	47.00	-1.00	0.00	0.00	1444037854.14	1.00	10.25	1444037850.08	0.08	1444037847.33	2.82	1444037849.06	1444037851.11	1444037856.96	-1.02	1.02
8.00	11.40	0.00	323.00	323.00	4.00	0.00	1444037860.88	1.00	1.81	1444037859.81	0.71	1444037856.97	2.90	1444037858.79	1444037860.84	1444037863.78	-0.33	0.73
11.40	11.40	3.00	123.00	111.00	1.00	0.00	1444037870.81	1.00	-6.04	1444037866.70	-1.63	1444037863.79	2.71	1444037865.69	1444037867.74	1444037873.52	-0.06	1.97
11.40	11.40	0.00	327.00	339.00	2.00	0.00	1444037877.27	1.00	0.15	1444037876.24	-0.10	1444037873.53	2.80	1444037875.22	1444037877.24	1444037880.07	0.10	-0.03
11.40	11.40	0.00	140.00	128.00	1.00	0.00	1444037883.98	1.00	-1.44	1444037882.92	-1.25	1444037880.08	2.20	1444037881.90	1444037883.95	1444037886.18	-0.79	1.00
8.00	8.00	3.00	227.00	219.00	1.00	0.00	1444037893.53	1.00	2.50	1444037889.46	-0.89	1444037886.20	2.52	1444037888.45	1444037890.47	1444037896.05	-0.39	-0.87
8.00	11.40	0.00	219.00	219.00	4.00	0.00	1444037899.63	1.00	-7.20	1444037898.56	-0.48	1444037896.06	2.37	1444037897.54	1444037899.59	1444037901.99	-1.30	0.71
9.70	8.00	3.00	322.00	322.00	3.00	0.00	1444037908.57	1.00	7.34	1444037904.48	-0.92	1444037902.01	3.08	1444037903.46	1444037905.51	1444037911.66	1.32	0.11
-1.00	11.40	3.00	211.00	-1.00	0.00	0.00	1444037918.25	1.00	-10.68	1444037914.16	-2.10	1444037911.67	2.10	1444037913.14	1444037915.19	1444037920.36	-2.83	0.31
8.00	9.70	3.00	123.00	123.00	4.00	0.00	1444037928.13	1.00	-12.43	1444037924.04	-1.35	1444037920.37	2.60	1444037923.02	1444037925.07	1444037930.73	0.66	2.28
11.40	11.40	3.00	125.00	141.00	2.00	0.00	1444037937.60	1.00	1.56	1444037933.53	-2.10	1444037930.75	2.22	1444037932.52	1444037934.54	1444037939.81	-1.41	1.57
-1.00	8.00	3.00	145.00	-1.00	0.00	0.00	1444037946.53	1.00	2.83	1444037942.46	-1.36	1444037939.83	2.08	1444037941.45	1444037943.50	1444037948.61	-1.31	0.52
8.00	11.40	3.00	38.00	38.00	4.00	0.00	1444037955.06	1.00	-0.71	1444037950.97	-0.44	1444037948.62	2.62	1444037949.94	1444037951.99	1444037957.68	0.43	0.16
11.40	9.70	3.00	33.00	33.00	3.00	0.00	1444037964.17	1.00	-1.70	1444037960.11	-2.29	1444037957.69	2.23	1444037959.09	1444037961.11	1444037966.41	2.04	1.06
11.40	8.00	3.00	39.00	39.00	3.00	0.00	1444037973.49	1.00	0.97	1444037969.42	-0.15	1444037966.42	2.05	1444037968.41	1444037970.45	1444037975.54	0.04	0.20
8.00	8.00	0.00	44.00	28.00	1.00	0.00	1444037979.27	1.00	-3.26	1444037978.20	-0.66	1444037975.55	2.07	1444037977.19	1444037979.23	1444037981.33	0.77	0.17
11.40	11.40	0.00	233.00	217.00	1.00	0.00	1444037985.25	1.00	-10.05	1444037984.18	-1.64	1444037981.35	2.35	1444037983.17	1444037985.22	1444037987.60	-2.44	-0.40
8.00	9.70	0.00	309.00	309.00	4.00	0.00	1444037991.33	1.00	3.67	1444037990.26	1.40	1444037987.61	3.03	1444037989.23	1444037991.30	1444037994.36	-0.31	1.51
-1.00	8.00	0.00	305.00	-1.00	0.00	0.00	1444037999.28	1.00	4.56	1444037998.24	-0.25	1444037994.38	2.15	1444037997.21	1444037999.25	1444038001.43	0.66	0.13
11.40	9.70	0.00	328.00	328.00	3.00	0.00	1444038006.33	1.00	6.83	1444038005.26	-0.64	1444038001.45	3.82	1444038004.24	1444038006.30	1444038010.14	1.17	0.54
8.00	11.40	3.00	326.00	326.00	4.00	0.00	1444038016.85	1.00	4.20	1444038012.76	-0.55	1444038010.15	2.05	1444038011.74	1444038013.79	1444038018.91	0.93	0.33
11.40	11.40	3.00	51.00	39.00	1.00	0.00	1444038025.72	1.00	5.60	1444038021.65	-2.39	1444038018.92	2.40	1444038020.64	1444038022.69	1444038028.12	0.85	2.44
8.00	8.00	0.00	225.00	217.00	1.00	0.00	1444038032.05	1.00	-11.00	1444038030.98	-1.92	1444038028.13	2.38	1444038029.97	1444038032.02	1444038034.43	-2.26	-0.62
8.00	8.00	3.00	141.00	133.00	1.00	0.00	1444038040.61	1.00	-9.55	1444038036.52	-0.97	1444038034.45	2.02	1444038035.50	1444038037.55	1444038042.63	-0.09	1.58
8.00	9.70	3.00	309.00	309.00	4.00	0.00	1444038048.86	1.00	-4.33	1444038044.76	-0.44	1444038042.64	1.86	1444038043.75	1444038045.80	1444038050.73	-0.25	-0.80
11.40	8.00	3.00	141.00	141.00	3.00	0.00	1444038057.03	1.00	-2.53	1444038052.96	-0.46	1444038050.74	1.93	1444038051.95	1444038053.96	1444038058.96	-0.15	0.55
-1.00	11.40	3.00	31.00	-1.00	0.00	0.00	1444038065.71	1.00	-5.24	1444038061.64	-1.74	1444038058.97	2.00	1444038060.62	1444038062.64	1444038067.70	1.98	0.16
